0
[[0. 0. 0. 0. 0. 0. 0.]]
computing wave  p
p [[2.1606683e-09 0.0000000e+00 0.0000000e+00 1.4901161e-10 1.4901161e-10
  0.0000000e+00 0.0000000e+00]]
computing wave  t
t [[6.3844027e-07 7.8966468e-06 9.6088050e-05 2.5607645e-07 1.6584993e-07
  1.6093255e-08 1.4901161e-08]]
computing wave  q
q [[0. 0. 0. 0. 0. 0. 0.]]
computing wave  r
r [[0. 0. 0. 0. 0. 0. 0.]]
computing wave  s
s [[0. 0. 0. 0. 0. 0. 0.]]
computing wave  rr
rr [[8.3175267e-04 1.3506109e-03 1.9675009e-04 7.7160970e-05 5.5235201e-03
  3.4366774e-03 8.0159130e-03]]
464.6079742908478
1
2
3
4
5
6
7
8
9
10
11
