1
13
16
19
24
29
33
34
41
58
59
67
69
70
71
77
79
88
94
99
101
102
107
109
111
123
129
131
140
144
153
156
164
171
175
183
189
190
193
201
223
247
253
255
257
259
261
265
285
295
300
305
309
317
322
329
340
346
351
352
353
354
355
358
363
365
375
377
378
386
387
389
392
394
400
407
419
427
448
456
461
465
482
491
492
493
497
499
500
502
504
507
522
527
534
546
551
557
569
573
578
581
582
584
587
589
590
592
603
611
614
623
631
633
635
638
643
645
653
654
663
665
669
670
672
675
685
698
704
709
717
750
753
758
759
764
774
775
779
788
806
812
814
815
817
819
824
839
842
848
853
854
862
883
885
886
894
908
909
916
917
935
950
952
