1
12
15
18
23
28
32
33
40
57
58
67
68
69
75
77
85
91
96
98
99
104
106
108
120
126
128
137
141
148
151
159
166
170
178
184
185
188
195
217
241
247
249
251
253
255
259
279
289
293
298
302
309
313
320
330
336
341
342
343
344
345
348
353
355
365
367
368
376
377
379
382
384
390
397
408
414
415
417
420
435
439
446
458
463
469
481
485
489
492
493
495
498
500
501
503
514
522
525
534
541
543
545
548
553
555
563
564
572
574
578
579
581
584
594
607
613
618
626
629
659
662
666
667
672
682
683
687
695
712
718
720
721
723
725
730
744
747
753
758
759
767
787
789
790
826
