original = c(0.00057847623,0.00057847623,0.000107147476,0.8269543,0.00014196217,0.0003757664,3.7214802e-05,2.3225632e-05)
rhythm = c(0.0030171198,0.00014310236,-0.5734038,-0.00010212507,0.0005670201,6.8308036e-05,0.00040451053)
AV_rate = c(0.00032495955,0.0103716375,-0.6210821,2.9146838e-06,0.000391832,0.00025463832,0.00038702495)
qrs = c(0.00015227395,9.137766e-05,-0.05604409,7.181388e-05,8.343842e-05,2.1207343e-05,1.2676204e-05)
p = c(0.0009223502,2.1419519e-05,-0.015297283,-1.6028122e-05,9.116238e-05,4.8215124e-06,2.3699757e-05)
t = c(-1.8556973e-05,7.303491e-05,-0.0169717,1.5987284e-06,-2.0470945e-05,2.0361935e-05,1.0134745e-05)
q = c(0.00030479132,5.628568e-05,-0.05100131,5.303868e-05,0.000103359955,2.0045796e-05,1.5545098e-05)
r = c(1.1559779e-05,4.9697017e-05,-0.027359173,4.9368424e-05,3.5118414e-05,1.0672932e-05,3.313492e-06)
s = c(-4.3902975e-05,1.9838813e-05,-0.0053114546,1.7453653e-05,-1.0115373e-05,3.13035e-06,-1.4861469e-07)
pr = c(0.00092773355,6.464088e-05,-0.035215575,4.4729018e-06,0.00013161909,1.3393536e-05,3.246802e-05)
st = c(-4.8788577e-05,0.00012770385,-0.026763672,2.0532056e-05,-3.2193875e-05,3.1506093e-05,1.2500393e-05)
qt = c(0.00020902825,0.00020743135,-0.06268596,3.1424017e-05,3.6211986e-05,4.8696766e-05,3.4723435e-05)
axis = c(-0.00022849278,0.0003852092,-0.7344944,8.3600395e-07,-0.000172921,-2.3248984e-05,-1.7757557e-05)
random15 = c(0.00024533944,3.7114576e-05,-0.020378243,2.232195e-05,0.00015557179,3.74856e-05,2.4536095e-05)
random30 = c(0.0002482319,3.6036472e-05,-0.020998782,2.0824578e-05,0.00017759771,4.4209228e-05,3.0097925e-05)
random50 = c(0.00020743514,3.46408e-05,-0.018853588,2.058335e-05,0.00013621949,3.3327888e-05,2.249619e-05)
random = c(0.00021064507,3.025207e-05,-0.017466472,1.7805325e-05,0.00014131708,3.2811844e-05,2.2605986e-05)
random2 = c(0.00019142829,2.72745e-05,-0.016371341,1.7593418e-05,0.00013203682,2.9616547e-05,2.0209236e-05)
