original = c(0.00012778927,0.00012778927,0.00018922007,9.607792e-07,5.446811e-06,0.006908135,0.61502695,0.0134093175)
rhythm = c(0.00024140351,1.5751762e-05,3.112372e-07,4.676451e-06,0.020367503,-0.058495596,0.0008596332)
AV_rate = c(0.0010322408,0.00017440678,2.504784e-05,0.00013320171,0.025101352,-0.4863904,-0.004300574)
qrs = c(-2.6488638e-05,5.5335775e-05,6.8848794e-07,1.8941631e-07,-0.0017406233,-0.021285174,-0.0042119604)
p = c(-1.2914889e-05,3.7978093e-06,1.3196366e-07,6.220999e-08,-0.001275896,-0.014245924,-0.0035232697)
t = c(1.5016639e-05,0.00025107717,7.7223757e-07,1.4992929e-06,0.0016401105,-0.016723854,0.0015962151)
q = c(-2.5728523e-05,4.5614077e-05,6.233541e-07,3.7225337e-08,-0.0017022804,-0.019627083,-0.004240104)
r = c(-1.2868666e-05,1.0359397e-05,2.0569269e-07,5.3579093e-08,-0.0009016247,-0.008121906,-0.0019048046)
s = c(-6.5370085e-07,1.7050292e-05,4.0520963e-08,2.3942414e-07,-0.00014384331,-0.002850983,-0.0005161514)
pr = c(-2.3883382e-05,1.359483e-05,4.0374974e-07,3.7367536e-07,-0.0022146658,-0.025060218,-0.0055844677)
st = c(2.7402508e-05,0.0004533358,1.3964643e-06,2.7960903e-06,0.0023276208,-0.027150905,0.0016015063)
qt = c(-4.829639e-06,0.0005405473,2.1111985e-06,2.1801193e-06,0.00029278206,-0.035923503,-0.001928977)
axis = c(-9.602109e-06,7.949092e-05,1.6287205e-06,1.0566453e-05,-0.00117667,-0.096886,-0.006064424)
random15 = c(7.827764e-08,2.0462873e-07,-3.5283744e-08,-1.4957669e-08,5.542353e-06,3.8721875e-05,1.647012e-05)
random30 = c(5.9465214e-07,3.7585772e-07,-3.1245655e-08,7.612734e-09,2.4670499e-05,-1.2494042e-05,5.607673e-05)
random50 = c(1.1249424e-06,1.017832e-06,-2.2046873e-08,4.075547e-08,4.8465485e-05,-0.00015506525,9.223965e-05)
random = c(4.9431314e-06,6.764484e-06,1.2680284e-08,2.9793023e-07,0.0001442905,-0.0014522747,0.00023744845)
random2 = c(1.5750486e-05,1.908925e-05,1.1023403e-07,1.1111823e-06,0.00036346345,-0.005695586,0.00048395956)
