original = c(4.375861e-05,4.375861e-05,5.317943e-06,6.010301e-07,1.1929697e-05,0.00066645554,0.47393492,0.0014894451)
rhythm = c(5.5261604e-05,4.0592627e-06,8.039176e-07,2.4012548e-05,0.0023488149,-0.15601029,0.0018402952)
AV_rate = c(0.025175346,0.013596451,0.0011722846,0.0033734113,0.061586346,-0.40224436,0.14358857)
qrs = c(3.671325e-05,5.0501352e-05,8.549772e-06,5.0149054e-05,0.00021567506,-0.079742596,-0.00013662095)
p = c(1.5575324e-05,1.1899374e-05,1.8920139e-06,3.2799337e-05,-9.103814e-05,-0.073857,-0.00050270325)
t = c(1.876125e-05,5.4466975e-05,4.163004e-06,1.8771348e-06,0.0014239543,0.001282201,0.0045495536)
q = c(4.6776422e-05,6.624883e-05,1.2278229e-05,6.44391e-05,0.00025549694,-0.08922255,-0.00013411036)
r = c(5.6611984e-06,6.2045915e-06,8.4266213e-07,7.0422097e-06,3.681131e-05,-0.024609307,-7.429185e-05)
s = c(1.4492126e-08,-1.06478225e-07,-4.089227e-08,2.8466926e-07,-9.552215e-07,-0.0013554832,-1.8952573e-05)
pr = c(2.9228226e-05,3.2787542e-05,6.0172383e-06,6.5421045e-05,-4.573205e-05,-0.099690676,-0.00055783807)
st = c(2.5006244e-05,9.941849e-05,6.8282166e-06,3.1406764e-06,0.0019582314,-0.008054614,0.0065039564)
qt = c(5.255549e-05,0.0005111467,4.703153e-05,3.466288e-05,0.0020277854,-0.08312356,0.0046200263)
axis = c(8.484767e-06,3.0791293e-06,1.9062611e-08,1.2121406e-05,0.00022644522,-0.05781764,9.307708e-05)
random15 = c(3.2409353e-08,-1.1098846e-08,-2.134683e-08,1.1297204e-08,2.745014e-07,5.3985743e-05,9.21966e-07)
random30 = c(9.273069e-08,-2.2906144e-10,-2.3716925e-08,1.3303589e-08,1.3233354e-06,0.00011992162,4.0716945e-06)
random50 = c(2.2800393e-07,1.8882648e-08,-2.1879217e-08,3.3756134e-08,3.37912e-06,0.0002604855,9.004622e-06)
random = c(1.263388e-06,1.4525935e-07,-9.61238e-09,3.2158357e-07,1.3195598e-05,-5.096794e-06,2.766966e-05)
random2 = c(5.613836e-06,6.756119e-07,5.4393166e-08,1.7428898e-06,4.9552036e-05,-0.0030162933,8.782272e-05)
