original = c(2.9432135e-07,2.9432135e-07,1.2398484e-06,5.4977328e-08,5.405571e-10,0.00020804351,0.77785826,0.0027948855)
rhythm = c(7.0815045e-06,1.048359e-05,8.026289e-07,4.3357666e-08,0.0023232158,-0.057502247,0.017290367)
AV_rate = c(0.00022841712,0.016131464,0.0038777385,6.093068e-05,0.00724868,-0.3939715,0.022660779)
qrs = c(2.8327065e-07,5.6656504e-06,3.1412085e-07,-4.748065e-10,5.7911533e-05,-0.028351514,0.00042226588)
p = c(1.4511806e-08,1.0824036e-06,7.6193714e-08,-5.3839794e-10,-1.9257204e-05,-0.01602885,-0.00020159096)
t = c(5.33034e-07,2.851284e-05,1.5585583e-06,-6.0444975e-11,0.0004046233,-0.023989094,0.0057807975)
q = c(3.0751818e-07,6.0483635e-06,3.2558634e-07,-5.373502e-10,5.742206e-05,-0.03184767,0.0003654905)
r = c(8.7136705e-08,1.0486583e-06,6.4218064e-08,-5.3941457e-10,2.843373e-05,-0.0098674875,0.00023643588)
s = c(-7.884614e-09,1.149327e-07,2.0506528e-08,-5.394643e-10,5.4732186e-06,-0.0014215687,8.2117425e-05)
pr = c(1.0356112e-07,2.8000238e-06,1.5894611e-07,-5.370589e-10,-9.672781e-06,-0.028466951,-0.00023302378)
st = c(7.887119e-07,7.067848e-05,3.911777e-06,2.68897e-09,0.0005334766,-0.032626044,0.007565795)
qt = c(1.2210593e-06,0.00020447737,1.2632148e-05,1.5778982e-08,0.0005435829,-0.05013971,0.007533954)
axis = c(8.828365e-07,9.610853e-06,3.3140432e-07,3.5840745e-08,0.00014359022,-0.04998454,0.0005908764)
random15 = c(-1.8515623e-08,-3.551226e-08,1.9489018e-08,-5.394765e-10,2.7290108e-07,4.247673e-05,5.2398645e-06)
random30 = c(-1.582802e-08,-2.6374465e-08,1.727917e-08,-5.3947824e-10,7.5387703e-07,3.4816758e-06,1.4529395e-05)
random50 = c(-1.6843341e-08,-1.8311667e-08,1.9371129e-08,-5.39456e-10,2.0849254e-06,-8.894984e-05,3.5873527e-05)
random = c(1.253183e-09,4.983348e-08,2.0153625e-08,-5.3941596e-10,9.3464e-06,-0.0013104224,0.00013299435)
random2 = c(7.077207e-08,3.0491557e-07,3.4895077e-08,-5.394378e-10,3.2729877e-05,-0.0059750453,0.00036265963)
