original = c(0.3902728,0.3902728,3.055446e-05,1.8913817e-05,3.6895395e-05,0.00087357283,2.2511226e-07,8.1453196e-05)
rhythm = c(-0.07639473,-1.1798465e-05,-9.572355e-06,-1.9438006e-05,-0.0001826284,4.2145723e-07,2.5495458e-05)
AV_rate = c(-0.3796101,0.0013484535,0.00021384332,3.5093042e-05,0.00016986714,4.5014123e-05,0.0003108518)
qrs = c(-0.23344582,-9.047055e-06,5.626111e-07,2.6283586e-05,-0.0006174083,-1.08090454e-07,-7.087833e-05)
p = c(-0.14497216,-1.1884114e-05,-6.078352e-06,1.1684986e-05,-0.00043132628,-6.689728e-08,-6.0005405e-05)
t = c(-0.0008717254,0.00017580684,4.1254807e-05,1.3518081e-05,0.0005594784,7.943791e-07,0.00018153244)
q = c(-0.2621551,-1.50483465e-05,-5.151282e-06,2.5143227e-05,-0.00067579973,-1.1895467e-07,-7.4863165e-05)
r = c(-0.075096056,1.3920766e-05,1.8505229e-05,5.5419246e-06,-0.00015233297,4.8499627e-09,-1.25928345e-05)
s = c(-0.0033692874,1.6912869e-06,1.3073574e-06,1.2860489e-06,7.506483e-06,-8.045776e-09,1.5410797e-06)
pr = c(-0.22762495,-1.1802291e-05,-3.003354e-06,1.2933024e-05,-0.0005652907,-7.598717e-08,-6.766591e-05)
st = c(-0.006266083,0.0003692343,7.1578164e-05,1.9953655e-05,0.00075488514,1.3357126e-06,0.0002758416)
qt = c(-0.19246952,0.00023697465,5.178213e-05,5.382528e-05,-0.00036410659,3.8522472e-07,-4.2005257e-05)
axis = c(-0.25483695,0.0001723936,0.00010426141,5.365126e-05,-4.8726928e-05,7.1707e-07,3.5107707e-05)
random15 = c(0.00016282777,4.189425e-08,5.0076952e-08,-2.4176885e-09,1.8768808e-06,-1.5809858e-08,3.7250027e-07)
random30 = c(0.00025653772,9.48098e-08,9.3914984e-08,7.639069e-08,4.9152445e-06,-1.544792e-08,8.7244314e-07)
random50 = c(0.000107161984,2.932141e-07,2.2869713e-07,2.819551e-07,9.888165e-06,-9.347458e-09,1.5536699e-06)
random = c(-0.0012749527,1.2355395e-06,9.175238e-07,4.958058e-07,4.609201e-05,2.6522724e-08,1.0759568e-05)
random2 = c(-0.0064768186,5.141261e-06,3.104191e-06,3.146652e-06,0.00013224725,1.5741367e-07,2.9612922e-05)
