original = c(1.6631126e-06,1.6631126e-06,6.574361e-07,1.8208718e-08,1.5649812e-08,7.0947244e-05,0.7390209,0.0011095622)
rhythm = c(2.7814507e-05,1.063396e-06,9.665662e-08,1.3370335e-06,0.0005366861,-0.065972395,0.0019764393)
AV_rate = c(0.00020705683,4.687039e-05,4.0637033e-06,5.4130513e-05,0.0047100936,-0.39309236,0.001591322)
qrs = c(2.0750213e-06,2.0346213e-06,1.2627314e-07,7.499549e-08,4.3918517e-05,-0.032274306,0.0003268979)
p = c(1.6972666e-06,1.0141249e-06,6.696181e-08,6.323783e-08,2.5301093e-05,-0.029504003,0.00013343239)
t = c(2.027242e-06,2.3168532e-05,3.6574198e-07,6.7821134e-08,0.00013467668,-0.017431175,0.0019919467)
q = c(2.9735106e-06,2.7891283e-06,2.1179093e-07,1.1826232e-07,5.5608805e-05,-0.04159671,0.00035884988)
r = c(1.3804674e-07,1.132431e-07,1.8850818e-08,1.597333e-08,2.9680584e-06,-0.0040634465,1.8099208e-05)
s = c(6.9960905e-08,1.16408515e-07,1.5770196e-08,1.18092e-08,3.8135183e-06,-0.0016869851,5.287252e-05)
pr = c(2.9317039e-06,2.0337857e-06,1.3484025e-07,1.2775897e-07,3.817378e-05,-0.044646624,0.00016492799)
st = c(2.971301e-06,9.678079e-05,1.2691863e-06,1.137964e-07,0.00019061251,-0.025586613,0.0027088334)
qt = c(5.810644e-06,0.00013678976,3.3238766e-06,2.8602574e-07,0.00025851812,-0.04735065,0.0028473106)
axis = c(7.9220735e-07,2.0671234e-07,6.8371593e-09,4.312577e-08,2.1919783e-05,-0.06950603,-0.00011579969)
random15 = c(-3.7064595e-08,-2.430105e-08,1.15705205e-08,1.4840905e-08,4.5239616e-08,3.7855043e-05,7.0060537e-07)
random30 = c(-3.0912975e-08,-2.4241324e-08,1.210836e-08,1.4899747e-08,2.2962053e-07,4.3367574e-05,3.3776532e-06)
random50 = c(-1.0367668e-08,-2.0538362e-08,1.2467454e-08,1.2871511e-08,6.272889e-07,-4.788415e-05,8.88459e-06)
random = c(8.990872e-08,7.532019e-09,1.3303572e-08,1.167675e-08,3.0295196e-06,-0.0009425228,3.942158e-05)
random2 = c(4.2054376e-07,1.16408515e-07,1.5519841e-08,1.5214413e-08,1.0069722e-05,-0.0045382935,0.00011482785)
