original = c(3.8580188e-07,3.8580188e-07,6.1455415e-07,3.111351e-08,2.778711e-09,5.3249525e-05,0.72939,0.0005313281)
rhythm = c(1.7796325e-05,2.1402773e-06,1.2884651e-07,1.3089137e-06,0.0007481616,-0.11124043,0.0014331433)
AV_rate = c(0.00014948468,9.9781455e-06,9.957979e-07,3.871445e-05,0.003981204,-0.31388322,0.0026831615)
qrs = c(8.394392e-07,1.8109795e-05,8.998262e-07,6.046382e-08,4.9279046e-05,-0.06971194,0.000185746)
p = c(5.2606686e-07,2.3668108e-06,1.2933565e-07,2.432888e-08,2.7706285e-05,-0.047244977,8.1482096e-05)
t = c(8.2196294e-08,4.8229867e-06,2.1434263e-07,-2.7752636e-09,7.624379e-05,0.013207648,0.0010599963)
q = c(1.0355135e-06,2.1085734e-05,1.0896388e-06,8.2829686e-08,5.6923294e-05,-0.0766706,0.00019361105)
r = c(1.5774793e-07,1.5595799e-06,8.730966e-08,5.1892823e-10,1.3098506e-05,-0.022524767,7.693761e-05)
s = c(-2.4112865e-08,-1.510348e-08,1.2065707e-08,-2.773037e-09,-1.7884771e-07,-0.0013455353,-3.185593e-06)
pr = c(1.1066448e-06,1.0167873e-05,5.3999617e-07,8.5919176e-08,5.179394e-05,-0.08286418,0.00012701735)
st = c(1.591216e-07,1.2717947e-05,5.994845e-07,-2.7106155e-09,0.00011556354,0.012007173,0.0016332574)
qt = c(9.240683e-07,0.00018439289,7.4371515e-06,4.1259586e-08,0.00019435119,-0.034188826,0.0019362273)
axis = c(3.081335e-07,2.4490507e-06,1.325204e-07,7.892902e-09,5.195355e-05,-0.013821837,0.00046088206)
random15 = c(-2.829356e-08,-2.0478522e-08,1.642898e-08,-2.773184e-09,5.8113475e-08,6.0079212e-05,6.7745833e-07)
random30 = c(-2.6143505e-08,-2.1553541e-08,1.5058086e-08,-2.7730525e-09,2.363806e-07,8.546374e-05,2.7685408e-06)
random50 = c(-1.8200087e-08,-1.96424e-08,1.5832942e-08,-2.773205e-09,8.328542e-07,4.9269867e-05,8.701874e-06)
random = c(1.2199506e-08,2.3060403e-08,1.6810239e-08,-2.7705414e-09,3.5649375e-06,-0.001183627,3.227757e-05)
random2 = c(1.1582122e-07,1.5773797e-07,2.5479272e-08,-2.7703753e-09,1.100823e-05,-0.0060010306,8.426932e-05)
