original = c(0.0001180944,0.0001180944,0.8397798,0.0011416326,1.1385837e-06,0.0001134646,1.2506612e-06,2.681719e-05)
rhythm = c(0.00036844955,-0.04210639,0.00017622097,3.9611746e-07,0.00016703326,2.925167e-06,0.00017239449)
qrs = c(1.0645302e-05,0.0007096772,0.00026106797,1.9329211e-07,8.380014e-07,-5.9585254e-08,-1.916473e-06)
p = c(2.168773e-05,-0.0021535456,0.00016243322,6.980681e-08,1.2811563e-05,1.3196752e-07,2.964273e-06)
t = c(3.118135e-05,-0.018310094,-3.320782e-06,2.7802065e-07,3.4601315e-05,7.705169e-07,3.363698e-05)
q = c(1.9239886e-05,0.0004675301,0.0003032212,3.0437027e-07,6.805406e-06,1.4310484e-08,-1.213484e-06)
r = c(-9.798917e-08,-0.0009817143,6.74362e-05,1.0195633e-08,-7.7201555e-08,2.2953165e-08,3.1242934e-07)
s = c(1.2006503e-06,-8.133979e-05,3.1413125e-05,-9.27603e-09,-1.9992162e-06,-5.966531e-08,-2.6590575e-07)
AV_rate = c(0.00032326122,-0.7746679,-0.00088838954,1.6284252e-05,0.0018245564,0.000112014546,0.006283056)
pr = c(2.9482735e-05,-0.004004984,0.00026336475,1.5589127e-07,1.7980243e-05,2.6384174e-07,4.179117e-06)
st = c(4.0957133e-05,-0.026210597,1.0384954e-05,4.814867e-07,4.2772102e-05,1.1918498e-06,4.778311e-05)
qt = c(6.021561e-05,-0.022889528,0.00021411476,7.302438e-07,5.0946877e-05,1.3221238e-06,4.5360233e-05)
axis = c(9.89921e-05,-0.4211154,0.015833113,4.0010073e-05,-1.2166853e-05,1.4180104e-05,1.2313022e-05)
random = c(1.1374355e-05,-0.0013750378,3.9972972e-05,6.1261204e-08,9.623767e-06,1.2448609e-07,4.121227e-06)
