original = c(7.0187576e-05,7.0187576e-05,0.0006569789,3.046363e-06,0.39657626,7.970926e-05,3.868216e-06,3.62295e-06)
rhythm = c(2.10763e-05,-4.1298932e-05,1.1066222e-06,-0.059509818,0.00011961806,3.336606e-06,4.7312215e-06)
AV_rate = c(0.0023664709,-0.00022353657,2.4067465e-05,-0.36092776,0.0019046514,0.00034259446,7.385506e-05)
qrs = c(1.8736462e-05,0.000106949694,2.566875e-06,-0.043923832,3.3693945e-05,6.0031507e-06,1.8364688e-06)
p = c(3.063238e-06,3.265023e-05,9.453334e-07,-0.025620218,6.1670917e-06,2.5891604e-06,5.78196e-07)
t = c(2.6036394e-05,0.00054128905,3.6922618e-06,0.0058007776,5.3969594e-05,3.460906e-06,3.839411e-06)
q = c(1.8089511e-05,0.00013210924,3.1589373e-06,-0.04444905,2.6237913e-05,5.5872433e-06,1.4122681e-06)
r = c(8.188613e-06,5.376238e-05,7.184628e-07,-0.01751833,1.8214585e-05,1.5741559e-06,8.515395e-07)
s = c(4.0217506e-06,1.1010654e-05,1.5778178e-07,-0.00411254,3.7564043e-06,5.353015e-07,2.1410334e-07)
pr = c(1.45981885e-05,9.5251504e-05,2.3248851e-06,-0.046160668,2.6836376e-05,5.683201e-06,1.6321808e-06)
st = c(3.5450576e-05,0.0007635619,6.1121236e-06,-0.00042519876,7.480953e-05,5.9505564e-06,5.6992267e-06)
qt = c(4.7181984e-05,0.0009314429,9.995703e-06,-0.024373593,0.000101443926,1.2554189e-05,7.58614e-06)
axis = c(-3.530877e-05,-0.000385577,2.9594278e-06,-0.26846832,-2.6714539e-05,9.674549e-07,-1.9770177e-06)
random15 = c(1.516874e-08,4.2256056e-07,-8.4232115e-09,8.43085e-05,2.1065807e-08,-8.843121e-09,-6.7349197e-09)
random30 = c(1.1078701e-07,1.5858665e-06,-3.5528047e-09,0.00015545315,2.1860211e-07,1.1182112e-08,7.382706e-09)
random50 = c(3.612679e-07,4.9261157e-06,3.20162e-09,0.0005059275,6.3440564e-07,4.907108e-08,4.1764654e-08)
random = c(1.3717454e-06,1.422302e-05,4.575634e-08,0.0009776161,2.4398244e-06,2.0309498e-07,1.7268691e-07)
random2 = c(7.096859e-06,5.1477335e-05,2.7206752e-07,-0.00046491856,1.0113388e-05,9.32586e-07,7.244291e-07)
