original = c(0.22074904,0.22074904,3.7338682e-06,2.0903908e-06,3.6047395e-06,3.5985006e-05,3.6146044e-08,3.9453034e-06)
rhythm = c(0.021173786,1.7208706e-07,3.1200937e-08,-3.7738093e-07,0.00014226032,2.8510968e-07,6.559396e-05)
AV_rate = c(-0.1819139,0.025641307,0.058594912,6.299513e-05,0.00027084033,2.8923054e-05,0.00013104163)
qrs = c(-0.10164664,-4.7603493e-07,6.561088e-07,1.6392195e-07,-9.0686706e-07,3.484507e-08,-1.2762476e-06)
p = c(-0.020186342,-1.5627599e-07,6.687946e-08,7.0530874e-08,1.0867721e-05,2.0913197e-08,9.667284e-07)
t = c(0.007720971,2.6247146e-06,1.2001125e-06,-7.4633283e-07,1.3369397e-05,4.2983547e-08,4.9505416e-06)
q = c(-0.1022617,-6.3735223e-07,4.8393537e-07,1.15727104e-07,-5.311327e-07,3.4116496e-08,-1.2196126e-06)
r = c(-0.03851669,-1.7950865e-07,1.9116727e-07,3.7991612e-07,1.3406748e-06,2.1727812e-08,-5.747052e-07)
s = c(-0.002624876,1.0334465e-07,1.1579123e-07,2.564155e-08,-3.3308364e-08,1.1054579e-08,-2.237632e-08)
pr = c(-0.06426816,-2.3427565e-07,2.6362545e-07,2.796784e-07,1.4432476e-05,4.4481816e-08,8.908569e-07)
st = c(0.008003317,3.9787687e-06,1.957167e-06,-8.353865e-07,1.8605626e-05,5.6948554e-08,7.3002184e-06)
qt = c(-0.06487458,2.7957622e-06,2.4352992e-06,-3.341672e-07,2.4412744e-05,9.95839e-08,5.204912e-06)
axis = c(-0.15671021,9.016327e-06,1.33906515e-05,-5.96428e-08,-2.1510448e-06,7.4615535e-08,1.6833415e-06)
random15 = c(5.247762e-05,-2.2471454e-09,-1.9918986e-08,-7.2115056e-09,7.094944e-08,1.18240475e-08,1.5864285e-09)
random30 = c(-4.184237e-05,1.770067e-08,-5.585224e-09,5.398548e-10,2.583766e-07,1.7081002e-08,3.2470815e-08)
random50 = c(0.0006432918,7.073535e-08,2.560705e-08,2.4718446e-08,8.2198835e-07,1.6782256e-08,1.3711436e-07)
random = c(0.0010124198,2.4751867e-07,1.3253594e-07,1.0217617e-07,2.880303e-06,1.893311e-08,5.322724e-07)
random2 = c(0.001452498,9.4359996e-07,4.9436227e-07,3.2125945e-07,8.71116e-06,3.304174e-08,1.7071806e-06)
