original = c(1.9099796e-06,1.9099796e-06,1.0030317e-07,1.2538501e-08,4.215996e-09,8.799712e-05,0.7768515,0.0012641889)
rhythm = c(7.229184e-05,1.7627849e-07,7.862892e-08,7.849855e-07,0.0008445236,-0.070422724,0.0021212047)
AV_rate = c(0.0010880001,8.359492e-05,6.0135335e-06,0.00014384394,0.006842456,-0.42859906,0.001634341)
qrs = c(2.1130393e-06,1.8087711e-07,6.1689335e-08,1.8374974e-08,3.728829e-05,-0.029916845,0.00022750875)
p = c(1.8103018e-06,1.2294585e-07,4.3718337e-08,1.4198192e-08,2.3355336e-05,-0.027244119,0.000121892146)
t = c(1.4082383e-06,7.727283e-06,2.470629e-07,2.0857321e-08,8.19727e-05,-0.01962101,0.0010640908)
q = c(3.1708553e-06,2.9465065e-07,1.04123345e-07,3.4888114e-08,5.175711e-05,-0.037359416,0.0003108197)
r = c(1.4124436e-07,3.5509675e-08,-2.004044e-09,-4.2079717e-09,3.417595e-06,-0.004260403,2.4265264e-05)
s = c(4.9866657e-08,2.183272e-08,-8.152474e-09,-4.2070827e-09,2.1213145e-06,-0.0020778007,2.0021744e-05)
pr = c(3.2561998e-06,2.5415784e-07,7.983042e-08,3.954269e-08,3.7852948e-05,-0.04209577,0.0001655965)
st = c(2.0208277e-06,2.7298789e-05,6.7035967e-07,3.6259646e-08,0.000110241184,-0.027216656,0.001368817)
qt = c(4.583875e-06,5.1856165e-05,2.2000281e-06,1.0286657e-07,0.00015925094,-0.048695214,0.0016144596)
axis = c(3.949711e-06,9.739588e-07,1.8221135e-07,1.2176027e-07,0.00010770925,-0.092345275,0.000410486)
random15 = c(-2.0249697e-08,1.717418e-08,-1.2513322e-08,-4.2075965e-09,2.0514614e-08,2.7168371e-05,3.4864848e-07)
random30 = c(-1.7920433e-08,1.6338035e-08,-1.2513247e-08,-4.2075308e-09,8.4941846e-08,5.598871e-05,1.9387483e-06)
random50 = c(-1.3142503e-08,1.7114438e-08,-1.2513582e-08,-4.207521e-09,2.6296553e-07,6.092419e-05,5.056456e-06)
random = c(2.878376e-08,2.1952198e-08,-1.2274436e-08,-4.2075023e-09,1.4159615e-06,-0.0001614482,2.0345944e-05)
random2 = c(2.0514837e-07,2.5237071e-08,-8.5539655e-09,-4.198701e-09,5.523736e-06,-0.0018252464,6.393274e-05)
