original = c(0.0008761899,0.0008761899,0.00073431875,0.68912363,2.4386682e-06,0.0003147631,1.2237606e-05,0.00024105368)
rhythm = c(0.0013520913,-5.910914e-05,-0.076449245,4.3889614e-07,0.00023593029,1.8238333e-06,0.00021588667)
AV_rate = c(0.001247205,0.0014525476,-0.40628266,4.3101158e-05,0.0007020209,8.479914e-06,6.693733e-05)
qrs = c(1.1773995e-05,0.00019784084,-0.060794648,7.3103405e-07,-2.4259552e-05,1.5828678e-06,-2.8255427e-05)
p = c(0.00050610007,2.862228e-05,-0.043976948,8.70009e-07,3.040077e-07,7.46484e-07,7.3553842e-06)
t = c(-4.163476e-05,0.00036092868,-0.0099121155,-4.340912e-07,5.5548553e-05,4.268854e-06,0.00012560227)
q = c(2.79409e-05,0.00020625516,-0.074875794,9.357127e-07,-2.8714068e-05,2.0608209e-06,-3.446808e-05)
r = c(-1.5955307e-05,6.28348e-05,-0.02032404,9.838792e-08,-5.8563996e-06,3.87344e-07,-1.0247923e-05)
s = c(-7.5804383e-06,1.2917584e-05,0.0010908733,-2.3358377e-08,-7.1163237e-07,8.047046e-08,2.0126224e-06)
pr = c(0.00051474595,8.945691e-05,-0.07168305,1.2167401e-06,-1.8673309e-05,1.2879045e-06,-1.0904134e-05)
st = c(-6.04367e-05,0.00052277755,-0.011839974,-5.4148103e-07,6.3228115e-05,5.781421e-06,0.00016545384)
qt = c(-2.652663e-06,0.00072264,-0.062459692,3.3003854e-08,4.7069287e-05,7.2997627e-06,0.00013567651)
axis = c(-8.869497e-05,0.00032630106,-0.23046465,7.553482e-07,-0.0001275878,-4.8706033e-06,-0.00012674848)
random15 = c(1.4669259e-06,8.8304637e-07,-9.290047e-05,-2.1276225e-09,8.62444e-07,4.5834007e-08,5.199196e-07)
random30 = c(8.411817e-06,5.011833e-06,-0.00044998544,3.0338487e-08,3.292931e-06,1.6662582e-07,2.373536e-06)
random50 = c(2.2493414e-05,1.1923497e-05,-0.0018523772,9.491379e-08,8.003637e-06,3.8125262e-07,5.618309e-06)
random = c(6.988919e-05,3.083987e-05,-0.0055545913,3.1390977e-07,2.2992246e-05,1.0522868e-06,1.3986257e-05)
random2 = c(0.00020035004,8.4649495e-05,-0.015980685,9.0377796e-07,5.8382197e-05,3.0453225e-06,3.5394114e-05)
