original = c(0.0002155006,0.0002155006,5.4346776e-07,5.1473734e-07,2.1204536e-09,0.9507329,3.604657e-06,0.00076443225)
rhythm = c(0.0171462,9.664225e-07,9.50017e-07,6.5343156e-06,-0.14483766,0.00023023455,0.013933555)
AV_rate = c(0.00529009,0.00010506276,3.6775295e-05,9.243158e-05,-0.5635554,0.00081379927,0.0030311411)
qrs = c(0.0008204426,1.8454306e-06,2.522394e-06,2.7800024e-07,-0.10401109,0.00015809295,0.008156723)
p = c(0.0013519098,6.6403567e-07,6.3580234e-07,1.4579291e-07,-0.081446886,0.00012636982,0.012289225)
t = c(2.3361557e-05,3.5045257e-06,2.9040498e-06,-1.8725195e-09,-0.0037591234,4.3865225e-06,0.0005477509)
q = c(0.0010760332,1.9488725e-06,2.3095574e-06,5.418561e-07,-0.14689119,0.00023610255,0.0105010085)
r = c(3.2066462e-05,1.944225e-07,3.1071625e-07,-2.1141442e-09,-0.0059091942,1.9095758e-06,0.0002585416)
s = c(8.376842e-06,2.8390527e-08,5.1107737e-08,-2.116621e-09,-0.001075875,2.1871729e-07,3.712253e-05)
pr = c(0.0019830007,1.3331813e-06,1.42584e-06,4.5740651e-07,-0.12403598,0.0002633839,0.021159455)
st = c(5.0295093e-05,6.4542514e-06,5.484151e-06,-7.2074047e-10,-0.006422918,6.4431583e-06,0.00074300123)
qt = c(0.00088076637,1.785375e-05,1.5093595e-05,3.3895927e-07,-0.09273206,0.00023805251,0.017333362)
axis = c(0.000841626,1.4744857e-05,1.2484701e-05,7.187618e-07,-0.15317017,5.6686204e-05,0.002845358)
random15 = c(-3.5715008e-08,-2.8287642e-08,-2.0833722e-08,-2.1160476e-09,-7.4999125e-06,-3.297759e-09,1.7419109e-06)
random30 = c(-1.7517077e-07,-2.339027e-08,-2.05895e-08,-2.115389e-09,-1.5136594e-05,7.213154e-10,3.428461e-06)
random50 = c(1.1546459e-06,-1.9448485e-08,-1.8247095e-08,-2.1162858e-09,-0.0001818306,6.3545805e-08,1.713096e-05)
random = c(1.12922735e-05,2.5896283e-09,5.200953e-09,-2.1161528e-09,-0.0012314152,4.661895e-07,7.949765e-05)
random2 = c(4.8255035e-05,8.6860204e-08,9.50047e-08,-2.11185e-09,-0.0048021707,1.8377044e-06,0.00030252154)
