original = c(4.9472504e-07,4.9472504e-07,1.289759e-05,7.918759e-08,5.47425e-09,7.737885e-05,0.7553895,0.000831735)
rhythm = c(2.0901138e-05,1.5275711e-05,5.676456e-07,1.5115256e-06,0.00084728416,-0.06392037,0.0024571035)
AV_rate = c(0.00017057669,0.0038175813,0.0001172979,0.00014099709,0.002547166,-0.3945537,0.0016396146)
qrs = c(6.3191004e-07,1.3586041e-05,2.0773165e-07,1.958603e-08,4.258399e-05,-0.028363688,0.00018160947)
p = c(5.2697663e-07,8.076542e-06,1.0941051e-07,9.786572e-09,3.9301995e-05,-0.021160461,0.00019442532)
t = c(2.2847577e-07,2.8367183e-05,1.1878368e-07,2.2119688e-10,3.4703426e-05,-0.0053099715,0.00038331698)
q = c(8.472719e-07,1.8380124e-05,2.9423705e-07,2.6836972e-08,5.395326e-05,-0.032905556,0.00021622231)
r = c(1.08309074e-07,2.445476e-06,4.4335465e-08,-5.3361693e-09,8.615756e-06,-0.008345675,3.580287e-05)
s = c(5.4044658e-09,8.7000444e-07,2.1577945e-08,-5.456806e-09,2.698597e-06,-0.0015803395,1.9599187e-05)
pr = c(1.0595323e-06,1.579041e-05,2.5505616e-07,3.4030105e-08,6.654052e-05,-0.036005624,0.00027926583)
st = c(3.5831638e-07,5.460108e-05,2.2428367e-07,1.139934e-08,4.9351234e-05,-0.010067814,0.0005449787)
qt = c(1.2023951e-06,0.00010311526,7.555028e-07,4.9272895e-08,9.738154e-05,-0.032977868,0.00070179836)
axis = c(1.400827e-07,5.041922e-06,4.8653135e-08,-2.7712779e-09,9.464977e-06,-0.012101696,3.510969e-05)
random15 = c(-2.9116066e-08,2.443436e-08,1.0855794e-08,-5.4633142e-09,7.187224e-08,3.558254e-05,7.856644e-07)
random30 = c(-2.7204896e-08,3.2676287e-08,1.1096909e-08,-5.462937e-09,1.1367108e-07,8.350993e-05,1.7133424e-06)
random50 = c(-2.4397863e-08,1.0309157e-07,1.3733442e-08,-5.4621507e-09,4.3948398e-07,0.00010411725,5.446073e-06)
random = c(3.876875e-10,4.3533493e-07,1.6230723e-08,-5.4626046e-09,2.128512e-06,-0.0004322634,2.1198688e-05)
random2 = c(8.376247e-08,1.9646268e-06,3.1298907e-08,-4.9773154e-09,8.626088e-06,-0.003346694,7.236919e-05)
