original = c(0.0020445816,0.0020445816,0.03775283,0.33312148,0.00021331607,0.00014896883,2.0658283e-05,3.716299e-05)
rhythm = c(0.0027547106,0.004132244,-0.09011915,8.3381834e-05,0.00021317224,3.9148275e-05,6.103022e-05)
AV_rate = c(0.04228249,0.09056228,-0.2507276,0.0020576988,0.027325243,0.020806296,0.026154565)
qrs = c(-0.00058667804,-0.008209733,-0.11660618,3.4435125e-05,3.1905845e-05,2.175234e-05,2.0370887e-06)
p = c(-1.1166468e-05,-0.004140562,-0.062339004,1.373355e-05,1.8775636e-05,8.507487e-06,3.0844628e-06)
t = c(-0.00011780647,-6.620823e-05,-0.02164347,-8.896898e-05,-2.7390395e-05,-4.4795697e-06,1.0772468e-05)
q = c(-0.00066286075,-0.010806049,-0.11797713,3.5685494e-05,1.9827712e-05,1.712927e-05,-2.5457705e-06)
r = c(-0.00027466845,-0.0034181224,-0.05804619,3.3580858e-05,2.9265757e-05,1.1686023e-05,3.4814632e-06)
s = c(6.256274e-05,0.004276601,-0.0052795885,6.0759186e-07,6.1562496e-06,2.6409512e-06,3.118682e-06)
pr = c(-0.00028086605,-0.0067939344,-0.100067645,4.3212283e-05,3.3157816e-05,1.87737e-05,3.0630545e-06)
st = c(-0.0001665707,0.003920075,-0.03421611,-0.00011111257,-3.2669217e-05,-4.033288e-06,1.897459e-05)
qt = c(-0.0005866395,-0.0068575246,-0.11415307,-9.114351e-05,-2.1457621e-05,4.044428e-06,1.4805782e-05)
axis = c(-0.00022798826,-0.02037551,-0.13665612,1.6674327e-05,7.1638206e-05,3.9405524e-05,1.8412076e-05)
random15 = c(2.6585923e-05,0.00027578723,-0.0041314145,-9.17049e-06,2.2548143e-06,3.1992172e-07,2.3402574e-06)
random30 = c(2.8965382e-05,0.00016931158,-0.0034926834,-6.784843e-06,1.8685776e-06,2.3122763e-07,1.8922395e-06)
random50 = c(3.4199977e-05,0.00015497416,-0.002826406,-5.8822466e-06,1.7897348e-06,1.7488235e-07,1.7872894e-06)
random = c(7.459199e-05,0.00086295797,-0.0050577167,-1.0468797e-05,3.8614844e-06,5.799895e-07,3.8967128e-06)
random2 = c(0.00017042547,0.001820457,-0.016317777,-1.3222754e-05,1.7706612e-05,3.5381922e-06,1.2310683e-05)
