original = c(0.0025796425,0.0025796425,0.00020725808,0.7393756,0.0007972935,0.0020899186,1.7853683e-05,7.309741e-05)
rhythm = c(-0.00047522958,-1.4967826e-05,-0.06816379,-2.6994703e-05,-0.0005523403,1.4062307e-06,-1.7646104e-05)
AV_rate = c(0.018775746,0.0063254717,-0.4414742,0.005733199,0.11424742,0.06254503,0.02316673)
qrs = c(-0.0009749299,-8.784714e-06,-0.09159829,4.1410643e-05,-0.00050355704,3.7214454e-06,-1.4877848e-05)
p = c(-0.0006989593,-1.0752239e-05,-0.05463944,1.7577977e-05,-0.0005369732,6.5800793e-07,-1.777291e-05)
t = c(0.00025357192,9.949986e-05,-0.0018731651,9.961345e-05,0.00036414395,1.4068256e-05,3.4441917e-05)
q = c(-0.0011767976,-2.9847944e-05,-0.12128474,3.405579e-05,-0.000679274,2.0642813e-06,-2.337652e-05)
r = c(-0.00018137394,-6.879168e-07,-0.0120219495,-8.518027e-06,-0.00012543786,-2.2996687e-07,-4.0748873e-06)
s = c(4.0361883e-05,1.8403194e-05,0.0016685368,1.4642165e-05,9.677079e-05,2.348872e-06,7.198216e-06)
pr = c(-0.00090441236,-1.16236615e-05,-0.07958371,2.1584648e-05,-0.00070637284,5.3143515e-07,-2.3676e-05)
st = c(0.0003443628,0.00014800967,-0.003989829,0.00014174364,0.0005048047,2.1364e-05,5.063462e-05)
qt = c(-0.00071879744,0.000105548774,-0.090550594,0.00017951813,-0.00018418148,2.1394912e-05,1.5332247e-05)
axis = c(-0.0005601525,-9.671238e-08,-0.06880146,6.4210275e-05,-0.00017400329,2.7679075e-06,-3.6927872e-06)
random15 = c(2.3517966e-06,4.7037526e-07,8.747609e-05,3.459223e-07,5.7007073e-06,8.526706e-08,3.4445057e-07)
random30 = c(1.908804e-05,1.9169422e-06,-0.00023344404,1.3119801e-06,2.9203135e-05,4.6146877e-07,1.7965392e-06)
random50 = c(8.377676e-05,5.356454e-06,-0.0019299877,1.0790698e-05,8.655244e-05,1.2429421e-06,4.7956005e-06)
random = c(0.00034251675,1.5919264e-05,-0.007984099,2.4467348e-05,0.00028246152,4.600187e-06,1.8580848e-05)
random2 = c(0.0008865764,3.7134007e-05,-0.029682044,7.793415e-05,0.00066429825,1.2475827e-05,4.346157e-05)
