original = c(0.009708605,0.009708605,7.108248e-05,0.937147,6.9498776e-05,0.00024102336,1.0884603e-06,8.561275e-06)
rhythm = c(0.020036088,7.249475e-06,-0.004501402,2.9388917e-05,0.0006554644,6.568865e-07,9.774307e-06)
AV_rate = c(0.034197792,0.0035100356,-0.304628,0.0017313752,0.41281453,0.031014511,0.019975746)
qrs = c(-0.0030766085,1.1808231e-05,-0.010545718,2.8933822e-05,0.0001851848,2.9697737e-06,9.798881e-06)
p = c(0.0035603365,1.2936376e-05,-0.00933275,1.7776158e-05,0.0002652508,2.5141105e-06,1.7300124e-05)
t = c(5.1108513e-05,1.1814735e-05,-0.0019497888,3.4567774e-06,4.0639607e-06,-1.1358163e-08,2.696831e-07)
q = c(-0.0022679777,9.85719e-06,-0.009983748,2.820392e-05,0.0002286028,3.0432188e-06,1.1186455e-05)
r = c(-0.002649014,4.5440333e-06,-0.004712025,9.0587155e-06,2.6283808e-05,6.5335865e-07,1.726183e-06)
s = c(-0.00013514362,2.0300041e-07,-0.00032212955,1.3052487e-07,3.6408306e-07,-1.2445647e-08,4.8322715e-08)
pr = c(0.00074864906,2.1531561e-05,-0.01581182,2.8410945e-05,0.00043330365,6.4862543e-06,3.2367552e-05)
st = c(-1.0024549e-05,1.7330729e-05,-0.0029846556,5.66673e-06,5.605898e-06,7.137846e-09,4.2006084e-07)
qt = c(-0.0022313746,2.8228449e-05,-0.0109816175,3.3584933e-05,0.00019308431,2.4536307e-06,9.495762e-06)
axis = c(0.01478472,0.00016327678,-0.071401946,4.932968e-05,9.546375e-05,3.9744958e-07,7.8619405e-06)
random15 = c(8.380266e-05,7.3083754e-07,-0.00034069453,8.1964794e-07,4.9508553e-06,1.6187029e-08,2.8761633e-07)
random30 = c(0.0003013258,2.2434033e-06,-0.0010374209,2.2222637e-06,1.6220238e-05,1.1583021e-07,1.0485829e-06)
random50 = c(0.00080872275,4.1945877e-06,-0.0022287695,5.000775e-06,3.146984e-05,2.7314852e-07,1.9083006e-06)
random = c(0.0016409161,1.0238596e-05,-0.00518179,1.2750968e-05,8.5027685e-05,1.0969924e-06,5.4815323e-06)
random2 = c(0.0029324298,1.9135423e-05,-0.012004299,3.379246e-05,0.00022816526,3.4607056e-06,1.2968175e-05)
