original = c(0.00015973454,0.00015973454,0.0004297325,0.7380046,2.6709815e-05,0.00018962337,7.0204514e-05,7.768324e-05)
rhythm = c(0.0008511243,0.00059995544,-0.10191998,3.2977703e-05,0.00030274616,1.3630973e-05,8.24137e-05)
AV_rate = c(0.00028693845,0.018902944,-0.5099133,0.00015447261,0.00012548173,9.121446e-05,5.2549105e-05)
qrs = c(1.7910306e-05,0.00011600569,-0.017442944,3.567458e-06,-9.6610875e-06,1.1502633e-05,1.2615751e-05)
p = c(6.7686265e-06,3.2974847e-05,-0.003874642,-4.441051e-06,-2.6882763e-06,1.30227445e-05,3.0130877e-05)
t = c(-4.689775e-06,0.00028321947,-0.029825285,-4.4760492e-07,1.949372e-05,3.7911148e-05,2.1932061e-05)
q = c(3.7606656e-05,8.156242e-05,-0.016555615,6.3476574e-07,-9.356742e-06,1.307958e-05,2.7192262e-05)
r = c(3.1969275e-06,7.918018e-05,-0.013921787,2.248386e-06,-3.2259766e-06,4.4550293e-06,-5.041799e-07)
s = c(-2.7476492e-06,2.1651907e-05,0.0019829085,4.918755e-07,-2.2452623e-06,-6.8597507e-07,-1.3447601e-06)
pr = c(1.7444121e-05,0.00010622562,-0.020289065,-4.0204245e-06,3.70186e-07,2.131608e-05,4.6547422e-05)
st = c(-7.1842364e-06,0.00040823504,-0.037335698,-7.7280875e-09,1.8578161e-05,5.0089016e-05,2.694969e-05)
qt = c(-5.656512e-07,0.00042666358,-0.039543558,-1.3419035e-06,4.885821e-06,5.842546e-05,4.644517e-05)
axis = c(0.001730069,0.0022845564,-0.23074992,0.0002536076,0.0010443468,0.0001674037,8.109073e-05)
random15 = c(4.2144715e-05,6.455709e-05,-0.013371029,2.6411485e-06,5.1955412e-05,3.1473795e-05,3.960839e-05)
random30 = c(4.1070274e-05,5.808116e-05,-0.012454713,2.5108734e-06,5.6102643e-05,3.413276e-05,4.3134045e-05)
random50 = c(3.532664e-05,5.8064437e-05,-0.012286,1.8944048e-06,4.5272634e-05,2.862217e-05,3.6238584e-05)
random = c(3.8964103e-05,5.7071822e-05,-0.012143705,1.4364396e-06,4.7568516e-05,2.8121258e-05,3.8583323e-05)
random2 = c(4.1829073e-05,7.306531e-05,-0.013279519,1.9889461e-07,4.5764144e-05,2.6107036e-05,4.4356373e-05)
