original = c(7.3790354e-05,7.3790354e-05,0.318799,0.043309346,8.630223e-06,7.437246e-05,3.148353e-05,8.190581e-05)
rhythm = c(0.0001561022,-0.003856074,-0.007912743,-9.819775e-07,0.0001770305,6.222084e-05,0.0007193947)
AV_rate = c(0.011663553,-0.18126474,-0.027337682,0.00037465032,0.0049158586,0.01711427,0.006499518)
qrs = c(7.117072e-05,-0.026403222,-0.004333524,3.3959318e-06,1.8539842e-05,6.3626853e-06,-4.4386118e-07)
p = c(3.212839e-05,-0.03768009,-0.0015341553,1.533188e-06,-9.1540915e-06,-1.4059468e-06,-1.7903976e-05)
t = c(-2.8976708e-06,0.008577038,-0.0011279442,-2.6956482e-06,3.1741256e-05,1.4236841e-05,0.00016336347)
q = c(8.7483575e-05,-0.040344197,-0.005094305,3.7303375e-06,1.942412e-05,7.2197604e-06,-2.7852773e-06)
r = c(8.99822e-06,0.0056497385,-0.0016903857,3.2392825e-07,5.478912e-06,1.59826e-06,4.8223783e-06)
s = c(2.0522964e-07,-0.00063163624,-0.00015819285,6.9604326e-08,3.5724443e-07,3.0662574e-07,1.17358105e-07)
pr = c(5.682631e-05,-0.043395903,-0.0033062268,2.5228449e-06,-5.4832835e-06,3.0596678e-07,-1.8974772e-05)
st = c(-1.4973305e-06,0.0077928607,-0.0015838104,-2.788159e-06,4.644632e-05,2.1213602e-05,0.00025068515)
qt = c(5.44395e-05,-0.024361039,-0.0052065137,-1.4432115e-06,6.373486e-05,2.4410714e-05,0.00021518194)
axis = c(6.543124e-05,-0.16767311,0.008168332,1.7729393e-05,-1.4436465e-05,8.133853e-06,-3.722469e-05)
random15 = c(2.1219332e-08,3.068391e-05,3.4541729e-06,-2.2272333e-08,1.772015e-08,-7.3381896e-09,1.2287678e-08)
random30 = c(2.8326498e-08,0.00024102267,1.7616338e-05,-4.299253e-08,-9.6804795e-09,-8.054994e-08,-7.53074e-08)
random50 = c(-4.1610413e-08,0.00030260574,-3.1195992e-05,-9.221934e-08,-2.2035785e-08,-1.6000659e-07,9.120075e-08)
random = c(6.164939e-07,0.00067923823,-0.00013536932,-1.6329957e-07,1.004764e-06,5.6663882e-08,2.0284826e-06)
random2 = c(3.141993e-06,0.0017131364,-0.0005017066,-4.2256866e-07,5.212741e-06,1.5020668e-06,1.2722646e-05)
