original = c(0.38871965,0.38871965,0.00024957303,3.5070847e-05,0.0008037083,0.0017297016,7.1721314e-07,3.210557e-05)
rhythm = c(-0.06308333,-6.752207e-05,-9.865604e-06,-0.00011461655,7.169365e-05,5.6274706e-07,4.9873884e-06)
AV_rate = c(-0.3102248,0.054530915,0.008725767,0.0022989016,0.0037896044,8.4785715e-05,0.00042217041)
qrs = c(-0.29281208,-0.00015751076,-1.819581e-05,-0.0001405557,-0.0013173406,-3.7484037e-07,-2.7333968e-05)
p = c(-0.12881196,-8.6746695e-05,-1.2336753e-05,-0.000112928356,-0.0007286875,-2.3728578e-07,-1.6396787e-05)
t = c(0.003165475,0.00055261137,3.7362333e-05,9.392423e-05,0.00037697135,5.7603836e-07,1.929948e-05)
q = c(-0.30164254,-0.00016309957,-1.9855264e-05,-0.00014663377,-0.0013364513,-3.9977948e-07,-2.7808299e-05)
r = c(-0.15171218,-9.24565e-05,-9.509551e-06,-6.6332614e-05,-0.0007163526,-2.0071288e-07,-1.7140896e-05)
s = c(-0.01130143,-1.2228648e-05,2.9538575e-07,-7.691744e-06,-6.338292e-05,-1.0851967e-08,-1.4307118e-06)
pr = c(-0.24694687,-0.0001384596,-1.7303748e-05,-0.00015591393,-0.0011209846,-2.4794272e-07,-2.3949771e-05)
st = c(-0.0046066334,0.000992712,6.0170783e-05,0.00014598366,0.00048005182,9.545314e-07,2.715495e-05)
qt = c(-0.23556627,0.00076584093,1.8088e-05,0.00013701274,-0.00093431765,1.6087996e-07,-1.8440292e-05)
axis = c(-0.21755047,-2.6038471e-05,2.4356857e-05,-0.00026614132,-0.0005830561,7.482847e-07,-1.9131628e-06)
random15 = c(2.725718e-05,4.0711303e-08,1.6229068e-08,-1.4351734e-07,-3.363304e-07,-2.4294264e-08,-3.7351104e-09)
random30 = c(0.00013673156,1.2880434e-07,1.7180351e-08,-4.908216e-07,1.2635659e-06,-2.1778936e-08,6.375819e-08)
random50 = c(0.0003030447,3.1944364e-07,5.0284463e-08,-9.066045e-07,3.5922712e-06,-1.9321153e-08,1.8473753e-07)
random = c(0.0007189172,8.645454e-07,1.3916465e-07,-2.9538735e-06,1.7278873e-05,-8.964853e-09,7.819796e-07)
random2 = c(0.0007025017,4.8011993e-06,9.534781e-07,-5.654456e-06,7.354289e-05,6.7825e-08,3.5377163e-06)
