original = c(7.260329e-07,7.260329e-07,2.1969423e-07,2.2416198e-09,4.127604e-09,5.929952e-05,0.7545035,0.0005098257)
rhythm = c(3.9192917e-05,6.1745726e-07,1.4712291e-08,1.2396357e-06,0.001012965,-0.045887485,0.0022660207)
AV_rate = c(0.00093233277,0.00011994347,5.459782e-06,0.00023802015,0.005719145,-0.44541055,0.0045240195)
qrs = c(2.0727603e-06,1.0498579e-06,3.1106534e-08,5.9166684e-08,6.708931e-05,-0.056531776,0.0001919697)
p = c(1.1861578e-06,4.4043722e-07,4.4171453e-09,2.6911815e-08,4.3916683e-05,-0.035791755,0.00015825477)
t = c(4.966341e-08,7.3678353e-07,1.1719448e-09,-4.117975e-09,3.516765e-05,0.004728002,0.000469605)
q = c(3.0316146e-06,1.6328919e-06,5.682894e-08,9.638084e-08,9.3184695e-05,-0.06800623,0.0002665211)
r = c(1.6409578e-07,5.2886744e-08,-2.2365079e-09,-4.117529e-09,6.8079316e-06,-0.011184911,1.3783012e-05)
s = c(-9.761809e-09,-1.08390825e-08,-2.2371724e-09,-4.1195243e-09,5.476299e-07,-0.0009371905,2.0847497e-06)
pr = c(2.198237e-06,9.757384e-07,2.4285345e-08,6.6502054e-08,6.6387955e-05,-0.057972748,0.00018870813)
st = c(1.0466999e-07,1.5609249e-06,1.1559526e-08,-4.119406e-09,5.010751e-05,0.003683083,0.0006739594)
qt = c(1.7939112e-06,9.806912e-06,1.2530221e-07,4.3626272e-08,0.00013892882,-0.034830425,0.0010391963)
axis = c(2.1055751e-08,3.0708235e-11,-2.236034e-09,-4.1169863e-09,1.5399437e-06,-0.0034332173,-1.4266969e-06)
random15 = c(-1.8421826e-08,-1.50198e-08,-2.237155e-09,-4.119387e-09,3.8685137e-08,3.5611567e-05,2.9687249e-07)
random30 = c(-1.9914964e-08,-1.3168341e-08,-2.2371398e-09,-4.1193613e-09,1.318906e-07,0.00010130699,1.4671317e-06)
random50 = c(-1.7944023e-08,-1.2272474e-08,-2.2371434e-09,-4.119568e-09,4.815117e-07,0.00016833008,5.01757e-06)
random = c(2.2426998e-09,-1.1257166e-08,-2.2369118e-09,-4.118981e-09,1.7707177e-06,-0.00014163712,1.5295802e-05)
random2 = c(1.01265705e-07,1.4543634e-08,-2.2369364e-09,-4.118937e-09,7.1287845e-06,-0.0021009664,5.470396e-05)
