original = c(1.4752445e-06,1.4752445e-06,7.3704655e-07,1.5164679e-07,9.777389e-09,0.00024615397,0.7421298,0.0034601237)
rhythm = c(5.295541e-05,1.3760551e-06,4.977676e-07,1.7159402e-06,0.0052379663,-0.12841852,0.012591415)
AV_rate = c(0.0067647793,0.00078975013,0.00018614248,0.0011849985,0.057786725,-0.41777766,0.035554778)
qrs = c(1.7581459e-06,2.0290843e-06,7.859061e-07,6.927156e-08,3.5363417e-05,-0.04697383,-0.0005295798)
p = c(9.942868e-07,6.005351e-07,1.8123778e-07,3.406656e-08,3.1129064e-05,-0.026053796,-0.00018936256)
t = c(4.5921928e-07,3.2441153e-06,4.2523692e-07,1.3780229e-08,0.00010933595,-0.008360479,0.0015388512)
q = c(2.3577804e-06,2.9153937e-06,1.204735e-06,9.6244335e-08,5.6431494e-05,-0.05462572,-0.0004833834)
r = c(2.0318208e-07,2.5855397e-07,8.2690725e-08,3.3239203e-09,-3.969043e-06,-0.009527986,-0.00024170404)
s = c(-2.7532286e-08,-4.012615e-08,-6.2370127e-09,-9.580053e-09,-1.0947106e-06,-0.0032884353,-0.00010784987)
pr = c(1.9143229e-06,1.3693665e-06,4.7923925e-07,6.999807e-08,5.2592448e-05,-0.042781383,-0.00030738668)
st = c(6.70762e-07,7.1028985e-06,9.58654e-07,2.5135149e-08,0.00014856644,-0.014495579,0.0019954683)
qt = c(2.3920634e-06,2.4430235e-05,4.557904e-06,1.1923068e-07,0.00018138147,-0.047479164,0.0012717508)
axis = c(1.2442865e-06,9.373763e-07,1.1651634e-07,8.004285e-08,6.782237e-05,-0.10295351,-0.0009665765)
random15 = c(-2.7651751e-08,-2.388099e-08,-1.7975657e-08,-9.7576995e-09,2.8417546e-07,2.2193473e-05,4.1086682e-06)
random30 = c(-1.4691824e-08,-1.993921e-08,-1.8341757e-08,-9.757878e-09,9.746769e-07,-3.159154e-05,1.3691679e-05)
random50 = c(2.024688e-08,-1.0502902e-08,-1.601277e-08,-9.101267e-09,3.489687e-06,-0.0004675503,3.3257318e-05)
random = c(1.6418223e-07,2.6406694e-08,-4.0828345e-09,-5.848025e-09,1.2876323e-05,-0.0022266554,0.00011691793)
random2 = c(4.0612457e-07,9.228186e-08,1.4746301e-08,-1.9860131e-09,2.8294471e-05,-0.0051929215,0.00023219829)
