original = c(2.8298527e-05,2.8298527e-05,9.713659e-07,3.3249955e-07,4.6180423e-07,0.0011829411,0.6659629,0.0059253424)
rhythm = c(0.0002100073,1.4711073e-06,8.0762226e-07,4.526071e-06,0.0070773424,-0.09956012,0.0018121495)
AV_rate = c(0.008389767,0.00047924765,0.00040984442,0.00025151583,0.08645126,-0.5420382,0.027242651)
qrs = c(1.32531495e-05,3.1828e-06,2.2607612e-06,2.0536502e-06,-0.00016859852,-0.081989564,-0.0017801103)
p = c(6.5180902e-06,7.5047683e-07,3.3220886e-07,8.2413084e-07,-0.00024934395,-0.041568723,-0.0016502811)
t = c(6.990509e-06,6.463779e-07,1.3725428e-07,1.6306566e-07,0.0005342961,-0.0013734892,0.002199729)
q = c(9.449071e-06,2.6362645e-06,1.7928962e-06,1.9135475e-06,-0.00028240634,-0.07845415,-0.0022177454)
r = c(1.01944215e-05,1.2434393e-06,6.792078e-07,7.6272283e-07,0.00011500141,-0.04027576,4.163972e-05)
s = c(1.0382456e-06,8.688538e-08,4.348612e-08,1.9763583e-08,1.9515186e-05,-0.002924409,6.265578e-05)
pr = c(1.094132e-05,2.2260201e-06,1.289586e-06,2.05241e-06,-0.0003233563,-0.0759384,-0.0021861095)
st = c(1.1820023e-05,1.2544285e-06,3.4368935e-07,3.1456108e-07,0.0008348665,-0.0051372834,0.0032982451)
qt = c(1.4821488e-05,3.7640348e-06,1.6173278e-06,1.669734e-06,0.00031637054,-0.0530831,0.0005772335)
axis = c(6.431074e-06,7.81593e-07,3.9656302e-07,5.049229e-07,0.00016388783,-0.021613955,0.00032144802)
random15 = c(3.5239196e-08,-2.4738952e-08,-1.8348686e-08,-1.9403386e-08,1.2195982e-06,7.5829055e-05,7.1379827e-06)
random30 = c(2.9169445e-07,-2.1633307e-08,-1.7668246e-08,-1.3891821e-08,8.6324535e-06,3.112509e-05,3.6463447e-05)
random50 = c(6.5816147e-07,-9.270456e-09,-1.3141285e-08,-6.2475016e-09,1.6416461e-05,-0.00023326368,7.559855e-05)
random = c(2.5879215e-06,4.400348e-08,1.235737e-08,3.564362e-08,6.0645092e-05,-0.0018812759,0.00023283408)
random2 = c(7.0995093e-06,1.724093e-07,6.012981e-08,1.4436269e-07,0.00015757815,-0.0063145566,0.0004930169)
