original = c(0.51224065,0.51224065,6.905812e-05,8.870204e-06,0.00039320003,0.0013940458,1.3615444e-07,9.47907e-06)
rhythm = c(-0.11383028,-1.7532635e-05,-3.0141223e-06,-6.250618e-05,0.0005274874,2.5870622e-07,1.5192778e-06)
AV_rate = c(-0.40765333,0.00046801943,0.0021677127,5.7972065e-06,0.0076510888,0.00011863562,0.00041934228)
qrs = c(-0.3587112,-4.3927783e-05,-3.8196654e-06,-1.0591374e-05,-0.0009953388,2.5177957e-08,-7.3613605e-06)
p = c(-0.19436951,-2.492761e-05,-2.476684e-06,1.0739526e-06,-0.00047970223,1.0632661e-07,-6.035439e-07)
t = c(-0.005955596,0.000112752685,8.79601e-06,4.3475506e-05,0.0003103585,9.3103424e-08,5.6174217e-06)
q = c(-0.40024674,-5.0392086e-05,-5.3480207e-06,-3.209003e-05,-0.0010853177,1.650196e-08,-7.907578e-06)
r = c(-0.081831954,-1.0225429e-05,-2.377174e-07,1.5422711e-05,-0.00023170386,1.1960387e-08,-1.9498707e-06)
s = c(-0.005762064,6.862447e-06,2.401809e-06,1.2716822e-05,1.2725847e-05,7.418159e-09,2.580629e-07)
pr = c(-0.2802005,-3.129653e-05,-2.9856533e-06,6.1132278e-06,-0.0006689129,1.9768561e-07,-1.757065e-06)
st = c(-0.014370596,0.00016884253,1.5429814e-05,6.578519e-05,0.00038120823,1.533239e-07,7.5048215e-06)
qt = c(-0.3018023,4.284253e-05,3.6670579e-06,8.358294e-05,-0.00068366155,2.330991e-07,-3.4420761e-06)
axis = c(-0.36085305,2.0420566e-07,2.0484387e-05,-7.238153e-05,-0.0007880595,2.856341e-07,-3.7973546e-06)
random15 = c(0.00014572272,7.185876e-08,-1.3699708e-08,-2.6201403e-07,1.6230701e-06,2.5607886e-08,2.8445115e-08)
random30 = c(0.00028090057,1.9835439e-07,3.380014e-09,-5.3760505e-07,4.1627964e-06,2.0359996e-08,7.371523e-08)
random50 = c(0.00039371525,3.965189e-07,3.9169294e-08,-9.61858e-07,1.01142405e-05,2.0883716e-08,1.7166477e-07)
random = c(3.0254196e-05,1.3118423e-06,1.9957373e-07,-2.6350106e-06,4.9731596e-05,1.931259e-08,8.3080295e-07)
random2 = c(-0.0028773253,6.036568e-06,8.8061444e-07,-2.5625832e-06,0.00012390252,3.6752063e-08,2.4057726e-06)
