original = c(0.00072232884,0.00072232884,0.00061041716,1.1666092e-05,0.0006157993,0.00016281728,0.0003073748,3.344109e-05)
rhythm = c(-0.0001295334,-5.2643278e-05,-2.8867155e-06,-0.00018820426,-3.6167603e-05,-5.984856e-05,-3.2196974e-06)
AV_rate = c(0.010052728,0.0023662846,0.0004897349,0.0025744243,0.0062974645,0.0021158645,0.0040045637)
qrs = c(-0.00012317179,-7.3105264e-05,-2.2003471e-06,-0.00017387357,-3.863478e-05,-8.41285e-05,-7.0278916e-06)
p = c(-4.1422623e-05,-6.305318e-06,-1.3622168e-06,-0.00010999184,-1.62537e-05,-3.6005335e-05,-1.1514629e-06)
t = c(-3.3768898e-05,-6.7878937e-06,-6.826337e-08,-3.112652e-05,-1.9627487e-06,-2.2169881e-05,-2.6707962e-06)
q = c(-0.00013160612,-6.947193e-05,-2.2813583e-06,-0.00018129515,-4.167928e-05,-8.563413e-05,-6.9935495e-06)
r = c(-6.3201246e-06,-1.3617526e-05,-2.9335965e-07,-4.264563e-05,-3.5567925e-06,-2.6951615e-05,-2.4878939e-06)
s = c(-1.887261e-06,-1.1919367e-06,-2.1152369e-09,-3.4026493e-06,4.4205276e-08,-2.1956773e-06,9.934827e-08)
pr = c(-0.00010986388,-6.0162238e-05,-2.6367086e-06,-0.00019167276,-3.628953e-05,-7.315595e-05,-4.843373e-06)
st = c(-5.024445e-05,-1.0829242e-05,-2.6065752e-07,-5.5161858e-05,-4.1656444e-06,-3.188694e-05,-3.4042614e-06)
qt = c(-0.00020848206,-0.00012160183,-3.1804834e-06,-0.00023048827,-4.964992e-05,-0.000114477414,-1.0210467e-05)
axis = c(-0.00015929001,-0.00012185779,-1.666908e-06,-0.0001632752,-4.096771e-05,-9.902091e-05,-9.783933e-06)
random15 = c(-4.263475e-06,3.133217e-08,9.073076e-12,-4.8409565e-06,-7.6619864e-07,-2.2535053e-06,-1.5932346e-07)
random30 = c(-9.091643e-07,7.788389e-07,3.057689e-08,-3.200484e-06,-1.3445995e-07,-1.013106e-06,-5.9876974e-08)
random50 = c(-1.6777614e-05,-8.981797e-06,-1.8811e-07,-1.5220853e-05,-3.786272e-06,-5.103503e-06,-7.831776e-07)
random = c(-3.3810626e-05,-1.962713e-05,-3.775197e-07,-2.5455338e-05,-6.98206e-06,-7.2482303e-06,-1.4766379e-06)
random2 = c(-2.3723253e-05,-2.8897208e-05,2.8936358e-06,-1.3855165e-05,9.8288565e-06,1.8577211e-06,-1.4103238e-06)
