original = c(0.0013750755,0.0013750755,1.8497653e-06,4.0347297e-07,2.2860145e-07,0.88663244,6.925386e-05,0.00076860527)
rhythm = c(0.0035517465,-5.003003e-07,-1.4795717e-07,3.1826098e-06,-0.14158143,0.00047356624,0.005473852)
AV_rate = c(0.0060704113,0.00024095508,8.796078e-05,0.00014097993,-0.6151057,0.0017031038,0.00088066724)
qrs = c(-0.00014752813,4.440567e-07,-6.3605383e-09,1.0572397e-06,-0.17165492,0.0005806174,0.0021737148)
p = c(-0.00031185904,-4.1370066e-07,-1.6958542e-07,2.837224e-07,-0.11179438,0.00047568406,0.0031556643)
t = c(-4.5619e-05,3.4609159e-06,7.2883245e-07,1.2166497e-08,-6.85924e-05,3.1477935e-05,0.00037141232)
q = c(-8.651505e-05,3.3667288e-07,-4.6837947e-08,1.9138035e-06,-0.25545746,0.00084847026,0.0025514301)
r = c(5.5413577e-05,2.1734441e-07,3.7248665e-08,2.6935098e-08,-0.0057101888,1.23712e-05,0.00011448982)
s = c(3.8478272e-05,9.56273e-08,5.9162604e-09,-3.0614844e-09,-0.0013180308,1.8071134e-06,1.7355791e-05)
pr = c(-0.00015845157,-2.4623412e-07,-1.438406e-07,8.725942e-07,-0.20209913,0.0008076835,0.00488296)
st = c(3.5657195e-05,5.7744155e-06,1.2911319e-06,6.23777e-08,-0.0033090215,5.0723276e-05,0.00052250107)
qt = c(-1.968082e-05,7.553652e-06,1.2073735e-06,8.5706023e-07,-0.100849405,0.0006823476,0.0054931897)
axis = c(0.0003682524,1.163318e-06,2.3136191e-07,3.8652453e-07,-0.055285174,3.1216096e-05,5.878892e-05)
random15 = c(-3.6285717e-06,-1.4742584e-08,-1.5474424e-08,-1.7615271e-08,0.00015114997,-2.0495133e-08,-3.6231015e-07)
random30 = c(-2.657468e-07,-1.0979966e-08,-1.6092613e-08,-1.9427485e-08,5.1859504e-05,7.31548e-07,7.855029e-06)
random50 = c(2.0009606e-05,1.583615e-08,-1.0996709e-08,-1.0704759e-08,-0.00033352192,2.5155603e-06,3.0586376e-05)
random = c(7.616573e-05,1.0978172e-07,6.3466534e-09,1.2131205e-08,-0.0026022156,9.853655e-06,9.3814495e-05)
random2 = c(0.00034016673,4.3898027e-07,7.512813e-08,1.0093321e-07,-0.010880688,3.4559842e-05,0.00028376648)
