original = c(0.66050434,0.66050434,1.7753291e-05,4.270472e-06,2.412582e-06,0.00023865887,4.5363414e-08,7.902244e-05)
rhythm = c(-0.24259481,-4.865812e-06,1.8034486e-06,2.0012028e-06,0.00082558405,5.871092e-06,0.0011044685)
AV_rate = c(-0.55109155,0.10398638,0.021795338,0.00032556165,0.001857115,0.00018500534,0.0016348702)
qrs = c(-0.4148092,9.702677e-06,2.6413582e-05,2.5948584e-05,-5.619909e-05,2.7304378e-07,-6.046735e-05)
p = c(-0.15453954,1.0879334e-06,3.8443327e-06,1.0386923e-05,0.000121917445,2.537967e-07,-1.5798008e-05)
t = c(-0.009355729,1.878265e-05,3.6522874e-06,-4.7722583e-08,0.0003443376,4.6383548e-07,0.00047796467)
q = c(-0.41797116,7.6094244e-07,1.3119877e-05,2.4126924e-05,-5.418094e-05,2.6702747e-07,-6.333246e-05)
r = c(-0.21048424,2.0567237e-05,2.7207221e-05,1.6905175e-05,2.8376813e-05,1.8062838e-07,-2.1543401e-05)
s = c(-0.012093314,-1.9721593e-07,4.7979046e-07,1.9901154e-07,-9.4612227e-07,1.8926517e-08,5.814238e-07)
pr = c(-0.35625997,6.4922733e-06,1.76719e-05,2.5283583e-05,8.11236e-05,7.390012e-07,-4.2350966e-05)
st = c(-0.019295782,2.4564642e-05,5.968362e-06,-9.359077e-08,0.00045158245,7.575643e-07,0.00075798674)
qt = c(-0.29861414,4.6251833e-05,2.770673e-05,1.8827188e-05,0.00047829546,2.6829007e-06,0.00015586057)
axis = c(-0.3544112,0.00018933482,6.864943e-05,9.339589e-06,0.00016884388,8.9120243e-07,0.00035583257)
random15 = c(4.7729104e-06,1.5223794e-08,-9.753949e-09,-8.890626e-09,8.440691e-08,1.1107223e-08,5.7016706e-08)
random30 = c(1.3779065e-05,2.8721438e-08,-6.732343e-09,-8.087408e-09,2.572488e-07,9.0780885e-09,1.6076163e-07)
random50 = c(-4.9010787e-06,4.2398256e-08,-4.0435797e-09,-6.0628276e-09,5.544036e-07,6.6276806e-09,2.8530678e-07)
random = c(-0.000338821,2.3016946e-07,4.9323482e-08,1.6056054e-08,2.9199e-06,1.708244e-08,1.9862077e-06)
random2 = c(-0.0025990654,1.1671309e-06,2.727963e-07,1.3218859e-07,1.1807087e-05,2.0242064e-08,7.1504824e-06)
