original = c(0.0036363374,0.0036363374,0.00015439076,0.8709454,2.931865e-07,0.00013081158,1.4105684e-05,0.00070985337)
rhythm = c(0.0045945025,3.297674e-05,-0.014726644,7.795766e-08,0.00014091974,7.804177e-06,0.0009642876)
AV_rate = c(0.0052874386,0.008333358,-0.55712944,5.209081e-05,0.0031215565,0.0022056524,0.010582797)
qrs = c(-0.0012140973,2.6446281e-05,-0.008699718,4.976588e-08,-1.34171305e-05,2.3281593e-06,-0.0001321894)
p = c(-0.0002551693,1.3144189e-05,-0.0021403139,-2.6726596e-08,-1.3742696e-05,-8.6134435e-07,-5.0592414e-05)
t = c(-7.8531804e-05,4.8548467e-05,-0.008436509,-4.0187565e-08,8.807882e-06,3.120166e-06,0.0002014892)
q = c(-0.0013092377,2.0448388e-05,-0.011908271,9.477611e-08,-1.8695442e-05,1.3261232e-06,-0.00019344542)
r = c(-0.00016695388,7.3595115e-06,-0.002274596,4.073165e-08,1.4776248e-07,1.651767e-06,-5.8205653e-05)
s = c(-0.00018675778,1.1947085e-05,-0.0014202478,-3.1287538e-08,-1.6313662e-06,7.529713e-07,2.970793e-05)
pr = c(-0.00051813776,2.2042068e-05,-0.005645603,1.928515e-08,-1.0945146e-05,1.5177943e-06,-5.2113006e-05)
st = c(-0.00013791557,8.387287e-05,-0.013191315,-4.118251e-08,1.5576803e-05,5.8179216e-06,0.00033341974)
qt = c(-0.001179324,8.6256456e-05,-0.018100994,5.399768e-09,-7.93942e-06,5.1018455e-06,5.8513597e-05)
axis = c(0.0063475757,0.0019828877,-0.4950879,6.036086e-07,-7.99859e-06,-8.978282e-06,-0.00023911778)
random15 = c(4.5471363e-05,1.013782e-06,-0.00027789932,-1.1297079e-08,1.136008e-06,1.1279705e-07,4.0895256e-06)
random30 = c(0.0001885738,3.045199e-06,-0.0012601092,-4.0712096e-09,4.7226886e-06,3.6629496e-07,2.0027515e-05)
random50 = c(0.00027195574,6.9816365e-06,-0.0025711595,2.7860874e-09,8.083275e-06,8.196339e-07,4.0923464e-05)
random = c(0.00076648773,1.7850578e-05,-0.0067965304,6.303699e-08,2.6252766e-05,2.9468924e-06,0.00011133827)
random2 = c(0.0014772605,3.5913203e-05,-0.01812093,2.3193411e-07,6.871887e-05,9.192371e-06,0.0002395241)
