original = c(0.18625213,0.18625213,3.560481e-06,3.9996894e-06,9.344135e-06,0.00017122312,1.3143429e-06,2.9377834e-05)
rhythm = c(-0.082828045,-1.3047645e-06,-1.8108258e-06,-3.0956958e-06,0.00015666199,4.157267e-06,0.0003333614)
AV_rate = c(-0.17413916,0.00080848444,8.1893384e-05,1.7844335e-05,0.015510507,0.016232232,0.081134215)
qrs = c(-0.11422373,1.1158568e-06,2.8513664e-06,2.1283163e-06,-6.151528e-05,-2.63655e-07,-1.987002e-05)
p = c(-0.043695655,2.3217699e-07,2.289887e-07,-2.9145017e-08,4.360606e-05,6.0427305e-07,8.609226e-06)
t = c(0.011595685,1.6244832e-05,1.2062461e-05,5.338448e-07,0.00015227766,2.1896988e-06,8.209146e-05)
q = c(-0.12631121,9.3378574e-08,1.6488221e-06,1.2901064e-06,-7.539767e-05,-3.3697464e-07,-2.199187e-05)
r = c(-0.048812214,9.4301805e-07,1.8275175e-06,4.639112e-07,-1.5533638e-05,1.2214432e-10,-6.194045e-06)
s = c(-0.0009953391,2.8807966e-07,3.0659203e-07,3.1296224e-07,2.3412358e-06,-5.121578e-09,1.7393552e-07)
pr = c(-0.09081964,7.751929e-07,1.4240048e-06,-5.468657e-07,2.267471e-05,9.4169667e-07,3.4695777e-06)
st = c(0.011660634,3.029445e-05,2.1400621e-05,1.11552e-06,0.00019821992,3.1156176e-06,0.000118796735)
qt = c(-0.087888226,3.6092122e-05,3.4798337e-05,4.310921e-06,0.00011795039,2.5722313e-06,3.320729e-05)
axis = c(-0.12665756,1.22434385e-05,6.6299567e-06,-3.578163e-06,1.5621434e-05,1.534822e-06,4.2453008e-05)
random15 = c(5.7533503e-05,-5.5835296e-09,-5.1005995e-09,4.1718287e-09,1.8795345e-07,-3.0131986e-08,5.026735e-08)
random30 = c(9.500488e-05,1.9417061e-09,-2.0787532e-09,-5.9739493e-09,5.484238e-07,-2.3673259e-08,1.8854672e-07)
random50 = c(0.00054546766,2.2666077e-08,1.9115053e-08,8.268196e-09,2.2403153e-06,-7.3975466e-09,6.724948e-07)
random = c(0.0005272175,1.382913e-07,1.3285583e-07,2.2157586e-08,5.597944e-06,4.0371678e-08,1.7803694e-06)
random2 = c(0.0006350868,5.7523596e-07,4.88659e-07,2.5190067e-07,1.9579824e-05,2.5227013e-07,5.97691e-06)
