original = c(0.15120426,0.15120426,0.006914783,2.3318378e-05,0.6927249,0.00023804641,6.120821e-09,2.2935074e-06)
rhythm = c(-0.026142847,-0.00020662739,8.282899e-06,-0.021323783,0.00079878484,1.2271666e-07,1.852893e-05)
AV_rate = c(-0.10690732,-0.0050860625,0.00018359818,-0.6674856,0.023364004,0.002072903,0.003438925)
qrs = c(-0.049687255,-0.0005686862,1.5111169e-05,-0.007434927,7.68505e-06,-5.5304344e-10,1.5213227e-07)
p = c(-0.046431363,-0.00086311036,6.105628e-06,-0.009186598,5.8058216e-05,6.678887e-09,9.778036e-07)
t = c(0.0054338058,0.0012964885,5.7836214e-06,-0.010295628,9.348799e-05,6.199798e-09,1.9469383e-06)
q = c(-0.059160557,-0.00091147906,1.7127819e-05,-0.00966725,6.2260165e-06,1.3946961e-09,1.4216772e-07)
r = c(-0.015361606,-2.0490914e-05,2.384487e-06,-0.0013223725,1.42974e-06,-6.0410907e-09,5.455025e-08)
s = c(-0.0014386731,0.00021848563,1.8509832e-06,-0.00010212437,3.711311e-06,-6.1077383e-09,4.8528964e-08)
pr = c(-0.06352445,-0.0010459832,9.739127e-06,-0.013988034,8.6718836e-05,1.5978548e-08,1.6782174e-06)
st = c(0.005770188,0.0019413875,9.927589e-06,-0.01377538,0.00012875904,1.5233566e-08,2.808506e-06)
qt = c(-0.038294718,0.00088769686,2.5442037e-05,-0.018887393,0.00013075105,3.015608e-08,2.9078592e-06)
axis = c(-0.11108529,-0.0022313942,3.212249e-05,-0.2912148,0.0005589246,5.034755e-07,2.491773e-05)
random15 = c(5.0998403e-07,5.0167773e-07,-1.1406668e-09,4.1041083e-05,-6.5563725e-08,-6.108579e-09,-1.8200822e-08)
random30 = c(7.068729e-05,1.0987198e-05,3.4532775e-08,6.5686945e-05,8.822786e-08,-6.108421e-09,-1.6017053e-08)
random50 = c(0.00037076435,2.6207967e-05,1.10530735e-07,0.00011286217,1.6279936e-06,-6.1088175e-09,2.0072406e-09)
random = c(0.001462816,0.00012602101,6.755587e-07,-0.0007322561,8.890171e-06,-6.1069274e-09,1.2542544e-07)
random2 = c(0.003932074,0.00041385877,2.937353e-06,-0.004921672,3.9824976e-05,-3.5963146e-09,7.0700474e-07)
