original = c(6.932746e-06,6.932746e-06,5.6036646e-07,2.7080246e-08,4.5040719e-07,0.00012042379,0.6437813,0.000661834)
rhythm = c(4.8716178e-05,5.5790855e-07,8.8355115e-08,3.0063145e-06,0.0013761674,-0.050788492,0.0022658603)
AV_rate = c(0.0026138616,0.013283554,0.006595906,0.0022003504,0.020249352,-0.4180741,0.02450617)
qrs = c(4.3306663e-06,6.9688656e-07,8.552178e-08,8.2498326e-07,3.933494e-05,-0.042518206,6.419289e-05)
p = c(5.1610696e-06,3.1572728e-07,4.217338e-08,5.400766e-07,4.7888258e-05,-0.01916959,0.00014485532)
t = c(3.832687e-06,6.156705e-06,2.6239732e-07,4.077121e-07,0.00014064267,0.0031920106,0.00094196154)
q = c(6.6959183e-06,1.0909462e-06,1.3360895e-07,1.2884756e-06,5.994063e-05,-0.049172565,0.00012776659)
r = c(2.1545243e-07,5.2641436e-08,1.9981218e-08,6.9838784e-08,-1.0730383e-06,-0.010338062,-4.5824672e-05)
s = c(-2.4042244e-08,-1.0008991e-08,1.3820679e-08,-1.3056194e-08,-7.7525897e-07,-0.0003777961,-7.524084e-06)
pr = c(8.274365e-06,6.3710274e-07,7.185016e-08,1.1001708e-06,6.9336566e-05,-0.036156397,0.00016686169)
st = c(5.0775157e-06,1.2291588e-05,5.1579974e-07,6.124181e-07,0.00018890935,0.001125707,0.0012538157)
qt = c(1.0747719e-05,2.6451176e-05,1.6265994e-06,1.8618904e-06,0.0002765075,-0.027730118,0.001576963)
axis = c(-8.00214e-07,1.9777202e-07,2.8097418e-08,5.8800066e-07,-7.2871185e-06,-0.13783595,-0.00021807969)
random15 = c(-1.508363e-08,-2.1236987e-08,9.883482e-09,-2.6302407e-08,1.1399625e-07,0.00012829596,8.74009e-07)
random30 = c(2.3558044e-09,-2.2013406e-08,1.3467443e-08,-2.4084315e-08,3.0660692e-07,0.00019150996,1.9572328e-06)
random50 = c(7.384508e-08,-1.4129954e-08,1.1554717e-08,-1.7607276e-08,1.0716404e-06,0.00020129277,6.486094e-06)
random = c(4.1964702e-07,6.5346075e-09,1.1494217e-08,1.42267735e-08,4.324411e-06,-0.00041058726,2.1420923e-05)
random2 = c(1.6918256e-06,1.007797e-07,2.2209315e-08,1.2801041e-07,1.6033455e-05,-0.0040772674,7.121567e-05)
