original = c(0.14311601,0.14311601,4.7517524e-06,2.6402884e-06,5.7410125e-06,8.090636e-05,4.4410132e-08,4.713992e-06)
rhythm = c(0.018710194,-5.2693065e-07,-2.1948829e-07,-2.882626e-07,0.00027379376,1.8202951e-07,5.4754266e-05)
AV_rate = c(-0.1306584,0.00285295,0.010710651,8.3026325e-06,0.0018875614,8.675312e-05,0.0012924746)
qrs = c(-0.07627043,9.481947e-07,1.054601e-06,8.2464624e-08,2.4742521e-06,4.6990518e-08,-1.2205307e-06)
p = c(-0.011994925,3.2192793e-07,4.023306e-07,-1.9350194e-08,3.903038e-05,4.8950167e-08,3.264735e-06)
t = c(0.0055795824,2.609206e-05,1.1557984e-05,1.425706e-06,4.2030624e-05,8.409666e-08,6.7630117e-06)
q = c(-0.08210573,6.720903e-07,7.929935e-07,-1.2937102e-07,6.4727387e-06,5.4787936e-08,-1.0919057e-06)
r = c(-0.030060025,5.4603394e-08,2.9646976e-08,2.5225498e-07,-5.3770117e-07,1.5758559e-08,-1.0179356e-06)
s = c(-0.0043239975,2.7719466e-07,2.9187876e-07,-7.550557e-09,-1.0530605e-06,1.5515978e-08,-9.253692e-08)
pr = c(-0.04264071,6.30821e-07,6.6102785e-07,-1.7690836e-07,3.7124482e-05,7.029059e-08,2.543916e-06)
st = c(0.0047271135,4.769721e-05,2.1270376e-05,1.5940572e-06,4.77567e-05,1.0406481e-07,8.903128e-06)
qt = c(-0.050517496,6.456476e-05,3.005667e-05,2.7544309e-06,9.051927e-05,2.6541008e-07,1.0799314e-05)
axis = c(-0.112340726,1.1244117e-05,3.352484e-05,-1.4845995e-06,-3.8930637e-05,8.551731e-08,-8.9279644e-07)
random15 = c(-1.2426105e-05,-1.1188589e-09,-1.9286492e-09,-1.9730159e-08,1.5045124e-07,1.3191261e-08,3.3462142e-09)
random30 = c(7.67661e-05,2.4741674e-08,1.0351841e-08,-1.6158474e-08,7.002623e-07,9.249136e-09,6.54261e-08)
random50 = c(0.0002982661,7.323706e-08,4.8258492e-08,-2.9677194e-08,1.5985134e-06,1.3436474e-08,1.6631175e-07)
random = c(0.0011660625,2.9851608e-07,1.7517313e-07,1.0105284e-07,5.6586855e-06,1.698021e-08,5.924119e-07)
random2 = c(0.0033851517,9.91555e-07,5.8284496e-07,3.1146286e-07,1.8336263e-05,3.5643506e-08,1.963119e-06)
