original = c(0.40924677,0.40924677,1.0023944e-06,8.587478e-07,4.5273105e-06,0.0009502487,2.9132184e-06,4.251501e-05)
rhythm = c(-0.21721469,7.581527e-07,-1.4590947e-07,-2.3616103e-06,0.026108209,0.00094615575,0.06181182)
AV_rate = c(-0.35212433,0.00017618157,8.131947e-05,0.0001418079,0.0005982455,9.1687565e-05,6.8409776e-05)
qrs = c(-0.26355147,8.1638365e-07,1.2493873e-06,3.2164314e-06,-0.00051382335,1.5691296e-07,-2.9300612e-05)
p = c(-0.18236531,-5.8992377e-08,1.3743337e-08,-9.963925e-08,-0.00012788728,3.30308e-06,3.1634358e-06)
t = c(-0.020349681,1.542046e-05,3.1114391e-06,4.4479493e-06,0.00015533387,1.3972516e-06,3.0350722e-05)
q = c(-0.26798382,2.0660067e-07,6.5437354e-07,2.13927e-06,-0.0005247557,2.7648598e-08,-2.9559316e-05)
r = c(-0.09218619,7.319935e-07,8.7891783e-07,1.9550378e-06,-0.00020768988,-1.4321225e-07,-1.3559528e-05)
s = c(-0.007129604,1.2806348e-07,-5.7693823e-09,3.415064e-07,-6.2472827e-06,2.0159456e-07,1.02234445e-07)
pr = c(-0.26785135,4.0960285e-07,6.154358e-07,6.052588e-07,-0.00031223294,4.8835404e-06,-1.9408503e-06)
st = c(-0.02892702,4.9902592e-05,5.682942e-06,6.5935296e-06,0.00017607307,1.8768322e-06,4.0484334e-05)
qt = c(-0.22303946,7.532361e-05,1.0455572e-05,1.1143549e-05,-0.00027184322,1.9197855e-06,-7.3598253e-06)
axis = c(-0.3814748,0.0070987702,0.00048181546,2.7373877e-05,-0.00061186263,9.838391e-06,7.4746654e-06)
random15 = c(-0.008473118,2.8489893e-07,1.3814729e-07,5.845151e-07,0.000264098,2.385925e-06,2.8264301e-05)
random30 = c(-0.005033403,3.1386512e-07,1.4577773e-07,6.3802327e-07,0.00028684144,2.9816101e-06,2.9478857e-05)
random50 = c(-0.008582202,4.539779e-07,1.710878e-07,7.401449e-07,0.00025375682,2.3216148e-06,2.6760019e-05)
random = c(-0.01162032,3.3679922e-07,1.4457333e-07,5.545541e-07,0.00020566389,2.0195494e-06,2.3279244e-05)
random2 = c(-0.012163991,3.9550798e-07,1.877165e-07,6.428099e-07,0.00020173054,1.8520692e-06,2.2776649e-05)
